id	popcode	colcode	groupcode	site_and_spec	teeth
PB0471	2	1	1	2	3
PB0487	2	1	1	2	3
PB0503	2	1	1	2	3
PB0564	3	2	2	3	2
PB0593	3	2	2	3	2
PB0675	4	2	2	4	2
PB0697	5	1	1	5	3
PB0204	1	1	1	1	3
PB0472	2	1	1	2	3
PB0489	2	1	1	2	3
PB0505	2	1	1	2	3
PB0565	3	2	2	3	2
PB0594	3	1	7	22	3
PB0676	4	2	2	4	2
PB0698	5	1	1	5	3
PB0473	2	1	1	2	3
PB0490	2	1	1	2	3
PB0506	2	1	1	2	3
PB0566	3	1	7	22	3
PB0595	3	1	7	22	3
PB0677	4	2	2	4	2
PB0206	1	1	1	1	3
PB0474	2	1	1	2	3
PB0491	2	1	1	2	3
PB0507	2	1	1	2	3
PB0567	3	1	7	22	3
PB0596	3	2	2	3	2
PB0678	4	2	2	4	2
PB0209	1	1	1	1	3
PB0476	2	1	1	2	3
PB0492	2	1	1	2	3
PB0509	2	1	1	2	3
PB0568	3	1	7	22	3
PB0597	3	2	2	3	2
PB0679	4	2	2	4	2
PB0210	1	1	1	1	3
PB0477	2	1	1	2	3
PB0494	2	1	1	2	3
PB0512	2	1	1	2	3
PB0598	3	1	7	22	3
PB0680	4	2	2	4	2
PB0702	5	1	1	5	3
PB0211	1	1	1	1	3
PB0480	2	1	1	2	3
PB0496	2	1	1	2	3
PB0513	2	1	1	2	3
PB0576	3	1	7	22	3
PB0599	3	2	2	3	2
PB0681	4	2	2	4	2
PB0481	2	1	1	2	3
PB0497	2	1	1	2	3
PB0516	2	1	1	2	3
PB0579	3	1	7	22	3
PB0601	3	1	1	22	3
PB0682	4	2	2	4	2
PB0705	5	1	1	5	3
PB0215	1	1	1	1	3
PB0482	2	1	1	2	3
PB0499	2	1	1	2	3
PB0560	3	2	2	3	2
PB0589	3	1	1	22	3
PB0602	3	2	2	3	3
PB0683	4	2	2	4	2
PB0216	1	1	1	1	3
PB0483	2	1	1	2	3
PB0500	2	1	1	2	3
PB0561	3	2	2	3	2
PB0590	3	2	2	3	2
PB0614	3	2	2	3	3
PB0684	4	2	2	4	2
PB0217	1	1	1	1	3
PB0484	2	1	1	2	3
PB0501	2	1	1	2	3
PB0562	3	2	2	3	2
PB0616	3	1	7	22	3
PB0685	4	2	2	4	2
PB0708	5	1	1	5	3
PB0219	1	1	1	1	3
PB0485	2	1	1	2	3
PB0563	3	2	2	3	2
PB0592	3	2	2	3	3
PB0618	3	1	7	22	3
PB0686	4	2	2	4	2
PB0713	11	1	8	16	3
PB0760	11	2	2	15	2
PB0786	13	1	8	19	3
PB0807	14	1	8	20	3
PB0887	12	1	8	18	3
PB0545	10	1	1	14	3
PB0716	11	2	2	15	2
PB0761	11	2	2	15	2
PB0808	14	1	8	20	3
PB0837	14	1	8	20	3
PB0546	10	2	2	13	2
PB0763	11	1	8	16	3
PB0792	13	1	8	19	3
PB0526	10	1	1	14	3
PB0721	11	1	8	16	3
PB0810	14	1	1	20	3
PB0844	14	1	8	20	3
PB0527	10	1	1	14	3
PB0548	10	1	1	14	3
PB0729	11	2	2	15	2
PB0769	11	1	1	16	2
PB0797	13	1	8	19	3
PB0911	12	1	8	18	3
PB0736	11	1	8	16	3
PB0772	13	1	8	19	3
PB0913	12	1	8	18	3
PB0530	10	1	1	14	3
PB0554	10	1	1	14	3
PB0738	11	2	2	15	2
PB0773	13	1	8	19	3
PB0799	13	1	8	19	3
PB0915	12	1	8	18	3
PB0740	11	1	8	16	3
PB0775	13	1	8	19	3
PB0800	13	1	8	19	3
PB0815	14	1	8	20	3
PB0863	12	2	2	17	3
PB0918	12	2	2	17	3
PB0534	10	1	1	14	3
PB0743	11	2	2	15	2
PB0778	13	1	8	19	3
PB0801	14	1	8	20	3
PB0816	14	1	8	20	3
PB0864	12	1	8	18	3
PB0921	12	1	8	18	3
PB0537	10	2	2	13	2
PB0709	11	1	8	16	3
PB0749	11	1	8	16	3
PB0780	13	1	8	19	3
PB0802	14	1	8	20	3
PB0817	14	1	8	20	3
PB0540	10	1	1	14	3
PB0710	11	1	8	16	3
PB0754	11	1	8	16	3
PB0781	13	1	8	19	3
PB0818	14	1	8	20	3
PB0877	12	2	2	17	3
PB0541	10	1	1	14	3
PB0758	11	2	2	15	2
PB0878	12	2	2	17	3
PB0519	10	1	1	13	3
PB0520	10	1	1	14	3
PB0521	10	1	1	14	3
PB0528	10	2	2	13	2
PB0533	10	2	2	13	2
PB0543	10	1	1	14	3
PB0547	10	1	1	14	3
PB0549	10	1	1	14	3
PB0558	10	2	2	13	2
PB0699	5	1	1	5	3
PB0700	5	1	1	5	3
PB0701	5	1	1	5	3
PB0706	5	1	1	5	3
PB0707	5	1	1	5	3
PB0718	11	1	8	16	3
PB0766	11	2	2	15	2
PB0856	12	1	8	18	3
PB0858	12	2	2	17	3
PB0862	12	1	8	18	3
PB0867	12	1	8	18	3
PB0891	12	2	2	17	3
PB0900	12	1	8	18	3
PB0909	12	2	2	17	3
CLY02	8	2	2	8	2
CLY04	8	2	2	8	2
CLY06	8	2	2	8	2
CLY07	8	2	2	8	2
CLY09	8	2	2	8	2
CLY12	8	2	2	8	2
CLY13	8	2	2	8	2
CLY14	8	2	2	8	2
CLY16	8	2	2	8	2
CLY17	8	2	2	8	2
CLY18	8	2	2	8	2
CLY20	8	2	2	8	2
CLY21	8	2	2	8	2
CLY23	8	2	2	8	2
CLY25	8	1	8	9	3
PB0413	9	2	2	10	2
PB0415	9	1	7	11	3
PB0417	9	1	1	11	3
PB0419	9	2	2	10	2
PB0420	9	2	2	10	2
PB0421	9	2	2	10	2
PB0424	9	1	7	11	3
PB0427	9	1	7	11	3
PB0429	9	1	7	11	3
PB0434	9	1	7	11	3
PB0435	9	1	7	11	3
PB0437	9	1	7	11	3
PB0441	9	1	7	11	3
PB0442	9	1	7	11	3
PB0443	9	1	7	11	3
PB0444	9	1	7	11	3
PB0445	9	2	2	10	2
PB0446	9	2	2	10	2
PB0449	9	2	2	10	2
PB0450	9	1	7	11	3
PB0451	9	1	7	11	3
PB0455	9	1	7	11	3
PB0457	9	1	7	11	3
PB0559	10	2	2	13	3
PB0949	6	2	2	6	2
PB0950	6	2	2	6	2
PB0951	6	2	2	6	2
PB0952	6	2	2	6	2
PB0953	6	2	2	6	2
PB0954	6	2	2	6	2
PB0955	6	2	2	6	2
PB0956	6	2	2	6	2
PB0957	6	2	2	6	2
PB0958	6	2	2	6	2
PB0959	6	2	2	6	2
PB0960	6	2	2	6	2
SR3363	7	2	2	7	3
SR3369	7	2	2	7	2
SR3371	7	2	2	7	2
SR3374	7	2	2	7	2
SR3378	7	2	2	7	2
SR3379	7	2	2	7	2
SR3380	7	2	2	7	2
SR3382	7	2	2	7	2
SR3384	7	2	2	7	2
SR3387	7	2	2	7	2
SR3390	7	2	2	7	2
cd137	15	1	1	21	3
cd138	15	1	1	21	3
cd139	15	1	1	21	3
cd140	15	1	1	21	3
