ID	Pop	name	teeth	sympatric	virPerf	virGBS	virCombined
CLY002	1	gtB01	2	1	1	1	1
CLY004	1	gtB01	2	1	1	1	1
CLY006	1	gtB01	2	1	1	3	1
CLY007	1	gtB01	2	1	1	1	1
CLY009	1	gtB01	2	1	1	1	1
CLY012	1	gtB01	2	1	1	1	1
CLY013	1	gtB01	2	1	1	3	1
CLY014	1	gtB01	2	1	1	1	1
CLY015	1	gtB01	2	1	1	3	1
CLY016	1	gtB01	2	1	1	1	1
CLY017	1	gtB01	2	1	1	1	1
CLY018	1	gtB01	2	1	1	1	1
CLY020	1	gtB01	2	1	1	1	1
CLY021	1	gtB01	2	1	1	1	1
CLY023	1	gtB01	2	1	1	3	1
CLY025	1	gtB01	3	1	0	0	0
CLY026	2	gtB02	3	1	0	3	0
CLY027	2	gtB02	3	1	0	3	0
CLY028	2	gtB02	3	1	0	3	0
CLY030	2	gtB02	3	1	0	3	0
CLY031	2	gtB02	3	1	0	3	0
CLY032	2	gtB02	3	1	0	3	0
CLY033	2	gtB02	3	1	2	3	2
CLY034	2	gtB02	3	1	0	3	0
CLY038	2	gtB02	3	1	1	3	1
CLY039	2	gtB02	3	1	1	3	1
CLY040	2	gtB02	3	1	0	3	0
CLY041	2	gtB02	3	1	0	3	0
CLY043	2	gtB02	3	1	0	3	0
CLY046	2	gtB02	3	1	0	3	0
CLY047	2	gtB02	3	1	0	3	0
CLY048	2	gtB02	3	1	0	3	0
CLY050	2	gtB02	3	1	0	3	0
CLY052	2	gtB02	3	1	0	3	0
CLY053	2	gtB02	3	1	1	3	1
CLY054	2	gtB02	3	1	0	3	0
CLY055	2	gtB02	3	1	0	3	0
CLY056	2	gtB02	3	1	0	3	0
CLY058	2	gtB02	3	1	0	3	0
CLY059	2	gtB02	3	1	0	3	0
PB0195	3	crB04	3	0	0	3	0
PB0197	3	crB04	3	0	0	3	0
PB0198	3	crB04	3	0	0	3	0
PB0199	3	crB04	3	0	0	3	0
PB0202	3	crB04	3	0	0	3	0
PB0203	3	crB04	3	0	0	3	0
PB0204	3	crB04	3	0	0	0	0
PB0205	3	crB04	3	0	0	3	0
PB0206	3	crB04	3	0	0	0	0
PB0207	3	crB04	3	0	0	3	0
PB0208	3	crB04	3	0	0	3	0
PB0209	3	crB04	3	0	0	0	0
PB0210	3	crB04	3	0	0	0	0
PB0211	3	crB04	3	0	0	0	0
PB0212	3	crB04	3	0	0	3	0
PB0214	3	crB04	3	0	0	3	0
PB0215	3	crB04	3	0	0	0	0
PB0216	3	crB04	3	0	0	0	0
PB0217	3	crB04	3	0	0	0	0
PB0219	3	crB04	3	0	0	0	0
PB0413	4	mxB02	2	1	1	1	1
PB0415	4	mxB02	3	1	0	0	0
PB0417	4	mxB02	3	1	1	0	1
PB0419	4	mxB02	2	1	1	1	1
PB0420	4	mxB02	2	1	1	1	1
PB0421	4	mxB02	2	1	1	1	1
PB0424	4	mxB02	3	1	0	0	0
PB0427	4	mxB02	3	1	0	0	0
PB0429	4	mxB02	3	1	0	0	0
PB0434	4	mxB02	3	1	0	0	0
PB0435	4	mxB02	3	1	0	0	0
PB0437	4	mxB02	3	1	0	3	0
PB0441	4	mxB02	3	1	0	0	0
PB0442	4	mxB02	3	1	0	0	0
PB0443	4	mxB02	3	1	0	3	0
PB0444	4	mxB02	3	1	0	0	0
PB0445	4	mxB02	2	1	1	1	1
PB0446	4	mxB02	2	1	1	1	1
PB0449	4	mxB02	2	1	1	1	1
PB0450	4	mxB02	3	1	0	0	0
PB0451	4	mxB02	3	1	0	0	0
PB0455	4	mxB02	3	1	0	0	0
PB0457	4	mxB02	3	1	0	0	0
PB0471	5	mxB05	3	0	0	0	0
PB0472	5	mxB05	3	0	0	0	0
PB0473	5	mxB05	3	0	0	0	0
PB0474	5	mxB05	3	0	0	0	0
PB0476	5	mxB05	3	0	0	0	0
PB0477	5	mxB05	3	0	0	0	0
PB0480	5	mxB05	3	0	0	0	0
PB0481	5	mxB05	3	0	0	0	0
PB0482	5	mxB05	3	0	0	0	0
PB0483	5	mxB05	3	0	0	0	0
PB0484	5	mxB05	3	0	0	0	0
PB0485	5	mxB05	3	0	0	0	0
PB0487	5	mxB05	3	0	0	0	0
PB0489	5	mxB05	3	0	0	0	0
PB0490	5	mxB05	3	0	0	0	0
PB0491	5	mxB05	3	0	0	0	0
PB0492	5	mxB05	3	0	0	0	0
PB0494	5	mxB05	3	0	0	0	0
PB0496	5	mxB05	3	0	0	0	0
PB0497	5	mxB05	3	0	0	0	0
PB0499	5	mxB05	3	0	0	0	0
PB0500	5	mxB05	3	0	0	0	0
PB0501	5	mxB05	3	0	0	0	0
PB0502	5	mxB05	3	0	0	3	0
PB0503	5	mxB05	3	0	0	0	0
PB0505	5	mxB05	3	0	0	0	0
PB0506	5	mxB05	3	0	0	0	0
PB0507	5	mxB05	3	0	0	0	0
PB0509	5	mxB05	3	0	0	0	0
PB0512	5	mxB05	3	0	0	0	0
PB0513	5	mxB05	3	0	0	0	0
PB0516	5	mxB05	3	0	0	0	0
PB0518	6	mxB06	3	1	0	3	0
PB0519	6	mxB06	3	1	0	0	0
PB0520	6	mxB06	3	1	0	0	0
PB0521	6	mxB06	3	1	0	0	0
PB0523	6	mxB06	3	1	0	3	0
PB0525	6	mxB06	3	1	0	3	0
PB0526	6	mxB06	3	1	0	3	0
PB0527	6	mxB06	3	1	0	3	0
PB0528	6	mxB06	2	1	1	1	1
PB0529	6	mxB06	3	1	0	3	0
PB0530	6	mxB06	3	1	0	3	0
PB0533	6	mxB06	2	1	3	1	1
PB0534	6	mxB06	3	1	3	1	1
PB0535	6	mxB06	3	1	0	3	0
PB0536	6	mxB06	3	1	2	3	2
PB0537	6	mxB06	2	1	1	1	1
PB0538	6	mxB06	3	1	0	3	0
PB0539	6	mxB06	3	1	0	3	0
PB0540	6	mxB06	3	1	1	1	1
PB0541	6	mxB06	3	1	0	3	0
PB0542	6	mxB06	3	1	0	3	0
PB0543	6	mxB06	3	1	0	0	0
PB0544	6	mxB06	3	1	0	3	0
PB0545	6	mxB06	3	1	1	0	1
PB0546	6	mxB06	2	1	1	1	1
PB0547	6	mxB06	3	1	0	0	0
PB0548	6	mxB06	2	1	0	0	0
PB0549	6	mxB06	3	1	0	0	0
PB0550	6	mxB06	3	1	0	3	0
PB0551	6	mxB06	3	1	0	3	0
PB0554	6	mxB06	3	1	0	0	0
PB0555	6	mxB06	3	1	0	3	0
PB0556	6	mxB06	3	1	0	3	0
PB0557	6	mxB06	3	1	0	3	0
PB0558	6	mxB06	2	1	1	1	1
PB0560	7	mxB08	2	1	3	1	1
PB0561	7	mxB08	2	1	1	1	1
PB0562	7	mxB08	2	1	1	1	1
PB0563	7	mxB08	2	1	3	1	1
PB0564	7	mxB08	2	1	1	1	1
PB0565	7	mxB08	2	1	1	1	1
PB0566	7	mxB08	3	1	0	0	0
PB0567	7	mxB08	3	1	0	0	0
PB0568	7	mxB08	3	1	0	0	0
PB0571	7	mxB08	3	1	0	3	0
PB0576	7	mxB08	3	1	0	0	0
PB0579	7	mxB08	3	1	0	0	0
PB0589	7	mxB08	3	1	1	0	1
PB0590	7	mxB08	2	1	1	1	1
PB0591	7	mxB08	2	1	1	1	1
PB0592	7	mxB08	3	1	1	1	1
PB0593	7	mxB08	2	1	1	1	1
PB0594	7	mxB08	3	1	0	0	0
PB0595	7	mxB08	3	1	0	0	0
PB0596	7	mxB08	2	1	1	1	1
PB0597	7	mxB08	2	1	1	1	1
PB0598	7	mxB08	3	1	0	0	0
PB0599	7	mxB08	2	1	1	1	1
PB0601	7	mxB08	3	1	1	0	1
PB0602	7	mxB08	3	1	1	1	1
PB0614	7	mxB08	3	1	0	1	0
PB0616	7	mxB08	3	1	0	0	0
PB0618	7	mxB08	3	1	0	0	0
PB0624	8	mxB12	2	0	1	3	1
PB0625	8	mxB12	2	0	1	3	1
PB0626	8	mxB12	2	0	1	3	1
PB0627	8	mxB12	2	0	1	3	1
PB0628	8	mxB12	2	0	1	3	1
PB0629	8	mxB12	2	0	1	3	1
PB0630	8	mxB12	2	0	1	3	1
PB0631	8	mxB12	2	0	1	3	1
PB0632	8	mxB12	2	0	1	3	1
PB0633	8	mxB12	2	0	1	3	1
PB0634	8	mxB12	2	0	1	3	1
PB0635	8	mxB12	2	0	1	3	1
PB0636	8	mxB12	2	0	1	3	1
PB0637	8	mxB12	2	0	1	3	1
PB0638	8	mxB12	2	0	1	3	1
PB0639	8	mxB12	2	0	1	3	1
PB0640	8	mxB12	2	0	1	3	1
PB0641	8	mxB12	2	0	1	3	1
PB0642	8	mxB12	2	0	1	3	1
PB0643	8	mxB12	2	0	1	3	1
PB0675	8	mxB12	2	0	1	1	1
PB0676	8	mxB12	2	0	1	1	1
PB0677	8	mxB12	2	0	1	1	1
PB0678	8	mxB12	2	0	1	1	1
PB0679	8	mxB12	2	0	1	1	1
PB0680	8	mxB12	2	0	1	1	1
PB0681	8	mxB12	2	0	1	1	1
PB0682	8	mxB12	2	0	1	1	1
PB0683	8	mxB12	2	0	1	1	1
PB0684	8	mxB12	2	0	1	1	1
PB0685	8	mxB12	2	0	1	1	1
PB0686	8	mxB12	2	0	1	1	1
PB0687	8	mxB12	2	0	1	3	1
PB0688	8	mxB12	2	0	1	3	1
PB0689	8	mxB12	2	0	1	3	1
PB0690	8	mxB12	2	0	1	3	1
PB0691	8	mxB12	2	0	1	3	1
PB0692	8	mxB12	2	0	1	3	1
PB0709	9	mxB15	3	1	0	0	0
PB0710	9	mxB15	3	1	0	0	0
PB0711	9	mxB15	3	1	0	3	0
PB0713	9	mxB15	3	1	0	0	0
PB0716	9	mxB15	2	1	1	1	1
PB0718	9	mxB15	3	1	0	0	0
PB0719	9	mxB15	2	1	1	3	1
PB0721	9	mxB15	3	1	0	0	0
PB0722	9	mxB15	2	1	0	3	0
PB0723	9	mxB15	3	1	1	3	1
PB0729	9	mxB15	2	1	1	1	1
PB0736	9	mxB15	3	1	0	0	0
PB0738	9	mxB15	2	1	1	1	1
PB0740	9	mxB15	3	1	0	0	0
PB0743	9	mxB15	2	1	1	1	1
PB0745	9	mxB15	2	1	1	3	1
PB0749	9	mxB15	3	1	0	0	0
PB0754	9	mxB15	3	1	0	0	0
PB0758	9	mxB15	2	1	1	1	1
PB0760	9	mxB15	2	1	1	1	1
PB0761	9	mxB15	2	1	1	1	1
PB0763	9	mxB15	3	1	0	0	0
PB0764	9	mxB15	2	1	1	3	1
PB0766	9	mxB15	2	1	1	1	1
PB0769	9	mxB15	2	1	1	0	1
PB0770	10	mxB16	3	0	0	3	0
PB0771	10	mxB16	3	0	0	3	0
PB0772	10	mxB16	3	0	0	0	0
PB0773	10	mxB16	3	0	0	0	0
PB0774	10	mxB16	3	0	0	3	0
PB0775	10	mxB16	3	0	0	0	0
PB0776	10	mxB16	3	0	0	3	0
PB0777	10	mxB16	3	0	0	3	0
PB0778	10	mxB16	3	0	0	0	0
PB0779	10	mxB16	3	0	0	3	0
PB0780	10	mxB16	3	0	0	0	0
PB0781	10	mxB16	3	0	0	0	0
PB0782	10	mxB16	3	0	0	0	0
PB0783	10	mxB16	3	0	0	0	0
PB0784	10	mxB16	3	0	0	3	0
PB0785	10	mxB16	3	0	0	3	0
PB0786	10	mxB16	3	0	0	0	0
PB0787	10	mxB16	3	0	0	0	0
PB0788	10	mxB16	3	0	0	3	0
PB0789	10	mxB16	3	0	0	3	0
PB0790	10	mxB16	3	0	0	3	0
PB0791	10	mxB16	3	0	0	3	0
PB0792	10	mxB16	3	0	0	0	0
PB0793	10	mxB16	3	0	0	0	0
PB0794	10	mxB16	3	0	0	3	0
PB0795	10	mxB16	3	0	0	3	0
PB0796	10	mxB16	3	0	0	3	0
PB0797	10	mxB16	3	0	0	0	0
PB0798	10	mxB16	3	0	0	0	0
PB0799	10	mxB16	3	0	0	0	0
PB0800	10	mxB16	3	0	0	0	0
PB0801	11	mxB17	3	1	0	0	0
PB0802	11	mxB17	3	1	0	0	0
PB0803	11	mxB17	3	1	2	0	2
PB0804	11	mxB17	3	1	0	3	0
PB0805	11	mxB17	3	1	0	3	0
PB0806	11	mxB17	3	1	0	3	0
PB0807	11	mxB17	3	1	0	0	0
PB0808	11	mxB17	3	1	0	0	0
PB0809	11	mxB17	3	1	0	3	0
PB0810	11	mxB17	3	1	1	0	1
PB0811	11	mxB17	3	1	1	3	1
PB0812	11	mxB17	3	1	2	3	2
PB0813	11	mxB17	3	1	0	3	0
PB0814	11	mxB17	3	1	0	3	0
PB0815	11	mxB17	3	1	0	0	0
PB0816	11	mxB17	3	1	0	0	0
PB0817	11	mxB17	3	1	0	0	0
PB0818	11	mxB17	3	1	0	0	0
PB0819	11	mxB17	3	1	0	3	0
PB0820	11	mxB17	3	1	0	0	0
PB0856	12	mxB18	3	1	0	0	0
PB0858	12	mxB18	3	1	1	1	1
PB0862	12	mxB18	3	1	0	0	0
PB0863	12	mxB18	3	1	1	1	1
PB0864	12	mxB18	3	1	0	0	0
PB0867	12	mxB18	3	1	0	3	0
PB0869	12	mxB18	3	1	0	3	0
PB0877	12	mxB18	3	1	3	1	1
PB0878	12	mxB18	3	1	1	1	1
PB0887	12	mxB18	3	1	0	0	0
PB0891	12	mxB18	3	1	1	1	1
PB0900	12	mxB18	3	1	0	0	0
PB0904	12	mxB18	3	1	1	3	1
PB0906	12	mxB18	3	1	1	3	1
PB0909	12	mxB18	3	1	1	1	1
PB0911	12	mxB18	3	1	0	0	0
PB0913	12	mxB18	3	1	0	0	0
PB0915	12	mxB18	3	1	0	0	0
PB0918	12	mxB18	3	1	1	1	1
PB0921	12	mxB18	3	1	0	0	0
PB0928	12	mxB18	3	1	0	3	0
PB0929	12	mxB18	3	1	1	3	1
PB0933	12	mxB18	3	1	1	3	1
PB0935	12	mxB18	3	1	0	3	0
PB0938	12	mxB18	3	1	0	3	0
PB0940	12	mxB18	3	1	0	3	0
PB0943	12	mxB18	3	1	0	3	0
PB0946	12	mxB18	3	1	0	3	0
PB0947	12	mxB18	3	1	0	3	0
PB0948	12	mxB18	3	1	1	3	1
PB0949	13	mxB20	2	0	1	1	1
PB0950	13	mxB20	2	0	1	1	1
PB0951	13	mxB20	2	0	1	1	1
PB0952	13	mxB20	2	0	1	1	1
PB0953	13	mxB20	2	0	1	1	1
PB0954	13	mxB20	2	0	1	1	1
PB0955	13	mxB20	2	0	1	1	1
PB0956	13	mxB20	2	0	1	1	1
PB0957	13	mxB20	2	0	1	1	1
PB0958	13	mxB20	2	0	1	1	1
PB0959	13	mxB20	2	0	1	1	1
PB0960	13	mxB20	2	0	1	1	1
PB0961	13	mxB20	2	0	1	3	1
PB0962	13	mxB20	2	0	1	3	1
PB0963	13	mxB20	2	0	1	3	1
PB0964	13	mxB20	2	0	1	3	1
PB0965	13	mxB20	2	0	1	3	1
PB0966	13	mxB20	2	0	1	3	1
PB0971	13	mxB20	2	0	1	3	1
PB0976	13	mxB20	2	0	1	3	1
PB0978	13	mxB20	2	0	1	3	1
PB0980	13	mxB20	2	0	1	3	1
SR2202	14	usB01	3	0	0	3	0
SR2203	14	usB01	3	0	0	3	0
SR2204	14	usB01	3	0	0	3	0
SR2205	14	usB01	3	0	0	3	0
SR2206	14	usB01	3	0	0	3	0
SR2214	14	usB01	3	0	0	3	0
SR2215	14	usB01	3	0	0	3	0
SR2220	14	usB01	3	0	0	3	0
SR2221	14	usB01	3	0	0	3	0
SR2222	14	usB01	3	0	0	3	0
SR2225	14	usB01	3	0	0	3	0
SR2226	14	usB01	3	0	0	3	0
SR2244	14	usB01	3	0	0	3	0
SR2246	14	usB01	3	0	0	3	0
SR2247	14	usB01	3	0	0	3	0
SR2288	14	usB01	3	0	0	3	0
SR2289	14	usB01	3	0	0	3	0
SR2290	14	usB01	3	0	0	3	0
SR2291	14	usB01	3	0	0	3	0
SR2292	14	usB01	3	0	0	3	0
SR3369	15	mxB13	2	0	1	3	1
SR3371	15	mxB13	2	0	1	1	1
SR3372	15	mxB13	2	0	1	3	1
SR3374	15	mxB13	2	0	1	1	1
SR3375	15	mxB13	2	0	1	3	1
SR3378	15	mxB13	2	0	1	3	1
SR3379	15	mxB13	2	0	1	3	1
SR3380	15	mxB13	2	0	1	1	1
SR3382	15	mxB13	2	0	1	1	1
SR3383	15	mxB13	2	0	1	3	1
SR3384	15	mxB13	2	0	1	1	1
SR3387	15	mxB13	2	0	1	3	1
SR3388	15	mxB13	2	0	1	3	1
SR3390	15	mxB13	2	0	1	1	1
SR3391	15	mxB13	2	0	1	3	1
SR3392	15	mxB13	2	0	1	3	1
SR3393	15	mxB13	2	0	1	3	1
SR3395	15	mxB13	3	0	1	3	1
SR3397	15	mxB13	2	0	1	3	1
SR3399	15	mxB13	2	0	1	3	1
